**** Calibrating ****
mono pinhole calibration...
D = [0.1238679170198015, -0.28168444011276406, -0.0029869173756094628, 0.0005745541428891146, 0.0]
K = [618.5301329958894, 0.0, 324.73459771208076, 0.0, 616.4586718335439, 246.24307881687434, 0.0, 0.0, 1.0]
R = [1.0, 0.0, 0.0, 0.0, 1.0, 0.0, 0.0, 0.0, 1.0]
P = [625.8617553710938, 0.0, 324.58491740743557, 0.0, 0.0, 623.7908935546875, 244.79623559396714, 0.0, 0.0, 0.0, 1.0, 0.0]
None
# oST version 5.0 parameters


[image]

width
640

height
480

[narrow_stereo]

camera matrix
618.530133 0.000000 324.734598
0.000000 616.458672 246.243079
0.000000 0.000000 1.000000

distortion
0.123868 -0.281684 -0.002987 0.000575 0.000000

rectification
1.000000 0.000000 0.000000
0.000000 1.000000 0.000000
0.000000 0.000000 1.000000

projection
625.861755 0.000000 324.584917 0.000000
0.000000 623.790894 244.796236 0.000000
0.000000 0.000000 1.000000 0.000000

